{"logicalRa": "logical", "language": "myrial", "rawQuery": "A = scan(TwitterM);\nB = A;\nAB = [from A, B\n      where A.$1 = B.$0\n      emit A.$0 as i, B.$1 as k, count(*) as ab];\nstore(AB, AB);", "plan": {"fragments": [{"operators": [{"opName": "MyriaHyperShuffleConsumer", "opType": "HyperShuffleConsumer", "opId": 0, "argOperatorId": 1}, {"opName": "MyriaHyperShuffleConsumer", "opType": "HyperShuffleConsumer", "opId": 2, "argOperatorId": 3}, {"argColumnNames": ["followee", "follower"], "argChild2": "0", "argChild1": "2", "opType": "SymmetricHashJoin", "opId": 4, "opName": "MyriaSymmetricHashJoin(($1 = $2); $0,$3)", "argSelect2": [1], "argColumns1": [1], "argColumns2": [0], "argSelect1": [0]}, {"emitExpressions": [{"outputName": "followee", "rootExpressionOperator": {"type": "VARIABLE", "columnIdx": 0}}, {"outputName": "follower1", "rootExpressionOperator": {"type": "VARIABLE", "columnIdx": 1}}], "opName": "MyriaApply(followee=$0,follower1=$1)", "opType": "Apply", "opId": 5, "argChild": 4}, {"opType": "MultiGroupByAggregate", "argChild": 5, "argGroupFields": [0, 1], "aggregators": [{"type": "CountAll"}], "opName": "MyriaGroupBy($0,$1; COUNTALL)", "opId": 6}, {"emitExpressions": [{"outputName": "i", "rootExpressionOperator": {"type": "VARIABLE", "columnIdx": 0}}, {"outputName": "k", "rootExpressionOperator": {"type": "VARIABLE", "columnIdx": 1}}, {"outputName": "ab", "rootExpressionOperator": {"type": "VARIABLE", "columnIdx": 2}}], "opName": "MyriaApply(i=$0,k=$1,ab=$2)", "opType": "Apply", "opId": 7, "argChild": 6}, {"opType": "SinkRoot", "argChild": 7, "opName": "MyriaStore(public:adhoc:AB)", "opId": 8}]}, {"operators": [{"relationKey": {"userName": "public", "relationName": "TwitterM", "programName": "adhoc"}, "opType": "TableScan", "opName": "MyriaScan(public:adhoc:TwitterM)", "opId": 9}, {"opType": "HyperShuffleProducer", "argChild": 9, "hyperCubeDimensions": [8, 9], "cellPartition": [[0, 1, 2, 3, 4, 5, 6, 7, 8], [9, 10, 11, 12, 13, 14, 15, 16, 17], [18, 19, 20, 21, 22, 23, 24, 25, 26], [27, 28, 29, 30, 31, 32, 33, 34, 35], [36, 37, 38, 39, 40, 41, 42, 43, 44], [45, 46, 47, 48, 49, 50, 51, 52, 53], [54, 55, 56, 57, 58, 59, 60, 61, 62], [63, 64, 65, 66, 67, 68, 69, 70, 71]], "hashedColumns": [0], "mappedHCDimensions": [0], "opName": "MyriaHyperShuffleProducer(h(0),*)", "opId": 3}]}, {"operators": [{"relationKey": {"userName": "public", "relationName": "TwitterM", "programName": "adhoc"}, "opType": "TableScan", "opName": "MyriaScan(public:adhoc:TwitterM)", "opId": 10}, {"opType": "HyperShuffleProducer", "argChild": 10, "hyperCubeDimensions": [8, 9], "cellPartition": [[0, 9, 18, 27, 36, 45, 54, 63], [1, 10, 19, 28, 37, 46, 55, 64], [2, 11, 20, 29, 38, 47, 56, 65], [3, 12, 21, 30, 39, 48, 57, 66], [4, 13, 22, 31, 40, 49, 58, 67], [5, 14, 23, 32, 41, 50, 59, 68], [6, 15, 24, 33, 42, 51, 60, 69], [7, 16, 25, 34, 43, 52, 61, 70], [8, 17, 26, 35, 44, 53, 62, 71]], "hashedColumns": [1], "mappedHCDimensions": [1], "opName": "MyriaHyperShuffleProducer(*,h(1))", "opId": 1}]}], "type": "SubQuery"}, "profilingMode": true}
